<?xml version="1.0"?>
<opencv_storage>
<calibration_time>"mar 04 giu 2019 17:16:58 CEST"</calibration_time>
<nr_of_frames>13</nr_of_frames>
<image_width>1024</image_width>
<image_height>768</image_height>
<board_width>9</board_width>
<board_height>6</board_height>
<square_size>38.</square_size>
<fix_aspect_ratio>1.</fix_aspect_ratio>
<!-- flags: +fix_skew +fix_k4 +recompute_extrinsic -->
<flags>650</flags>
<fisheye_model>1</fisheye_model>
<camera_matrix type_id="opencv-matrix">
  <rows>3</rows>
  <cols>3</cols>
  <dt>d</dt>
  <data>
    8.0662200746007170e+02 0. 5.1150000000000000e+02 0.
    8.0643886651762080e+02 3.8350000000000000e+02 0. 0. 1.</data></camera_matrix>
<distortion_coefficients type_id="opencv-matrix">
  <rows>4</rows>
  <cols>1</cols>
  <dt>d</dt>
  <data>
    4.1358456984528691e-01 7.9430923497331263e-01
    -2.9883062833593868e+00 0.</data></distortion_coefficients>
<avg_reprojection_error>3.8574551614011798e-01</avg_reprojection_error>
<per_view_reprojection_errors type_id="opencv-matrix">
  <rows>13</rows>
  <cols>1</cols>
  <dt>f</dt>
  <data>
    2.52775759e-01 4.71237570e-01 4.54448074e-01 2.53873408e-01
    5.14360905e-01 2.96220005e-01 2.55065560e-01 1.24103308e-01
    3.74370515e-01 2.62204498e-01 5.33015549e-01 5.01873732e-01
    4.46988642e-01</data></per_view_reprojection_errors>
<!-- a set of 6-tuples (rotation vector + translation vector) for each view -->
<extrinsic_parameters type_id="opencv-matrix">
  <rows>13</rows>
  <cols>6</cols>
  <dt>d</dt>
  <data>
    -6.8719528401231675e-02 -2.5647703001069527e-01
    1.4505898966648640e+00 -1.6013814700686176e+01
    -1.0918607331142769e+02 9.1035177087952161e+02
    1.1715079863745348e-01 -3.2100700636972385e-01
    3.1602657059229697e-02 -3.3093120031471602e+02
    -5.2912336208443456e+01 7.1857337628673349e+02
    1.8841282360006140e-02 -5.9684873409935724e-01
    -9.9149143606977644e-02 -1.5403628058200883e+02
    -3.7573348425997040e+01 8.0087797957915905e+02
    1.6732127715070686e-02 3.7319466412120983e-01
    -4.5478967676106999e-02 -2.1355578567723674e+02
    -4.0981101717367267e+01 9.0153659051211071e+02
    3.6270332180969383e-01 4.3258342356940516e-01
    -1.5239012423002012e+00 -1.6526182149731778e+02
    1.4414298065503760e+02 9.1064202706535730e+02
    -3.3493368670501600e-01 -2.8899571870719226e-01
    -1.5163029125234195e+00 -1.6105668930202228e+02
    1.2329080392213552e+02 8.6724869641105681e+02
    -2.7782520690435536e-01 -1.5445309043392516e-01
    -2.0233978591851112e+00 -4.2459278784984505e+01
    1.3752477162558793e+02 8.7856553388074440e+02 3.4848819874153843e-02
    -4.4345767375174594e-02 2.4347043395517378e+00
    8.2887235639664908e+01 -1.3127748047384085e+02
    1.0033005644106669e+03 1.7258806026069334e-01
    -4.7729223692986655e-01 2.3687993787624668e+00
    7.0525792521659170e+01 -1.0802302660623575e+02
    9.0229262689999439e+02 -7.8330534262255813e-01
    -5.0225546252014718e-02 2.5642357755152427e+00
    5.2308864729916998e+01 -5.8766121397402451e+01
    1.0630820959556304e+03 5.9950599395597903e-01
    -5.2192367726350564e-01 1.4686091898722331e+00
    -2.9356199432827932e+01 -1.1090484610671035e+02
    7.4502846450416462e+02 -2.7673535350372730e-01
    2.2506977365009537e-01 1.4169626740009338e+00
    -1.4502492796869117e+01 -1.5842815232401338e+02
    8.0212261090586469e+02 -3.5036425517611158e-01
    -7.6653044528471340e-02 8.3387992248174847e-01
    -5.1040020077278967e+01 -2.1082530131584596e+02
    8.3462303831770646e+02</data></extrinsic_parameters>
<image_points type_id="opencv-matrix">
  <rows>13</rows>
  <cols>54</cols>
  <dt>"2f"</dt>
  <data>
    4.97341614e+02 2.86594238e+02 5.00651306e+02 3.20110443e+02
    5.03929993e+02 3.53161041e+02 5.07295898e+02 3.86070618e+02
    5.10566193e+02 4.18487396e+02 5.13851440e+02 4.50649231e+02
    5.17146851e+02 4.82726898e+02 5.20336853e+02 5.14486328e+02
    5.23471985e+02 5.46086670e+02 4.64203217e+02 2.90101624e+02
    4.67750549e+02 3.23805145e+02 4.71378693e+02 3.57160858e+02
    4.74783691e+02 3.90377258e+02 4.78322815e+02 4.22928406e+02
    4.81656952e+02 4.55416962e+02 4.85141357e+02 4.87672333e+02
    4.88440643e+02 5.19671265e+02 4.91645447e+02 5.51456299e+02
    4.30436340e+02 2.93577423e+02 4.34347778e+02 3.27571991e+02
    4.38082153e+02 3.61208099e+02 4.41786377e+02 3.94606537e+02
    4.45403748e+02 4.27505432e+02 4.49080444e+02 4.60219452e+02
    4.52542450e+02 4.92715546e+02 4.56016876e+02 5.24952515e+02
    4.59380005e+02 5.56974609e+02 3.95844727e+02 2.97103607e+02
    3.99970428e+02 3.31435120e+02 4.03993713e+02 3.65297089e+02
    4.07891785e+02 3.99019928e+02 4.11720825e+02 4.32228973e+02
    4.15481934e+02 4.65189941e+02 4.19208038e+02 4.97956848e+02
    4.22697327e+02 5.30466370e+02 4.26272888e+02 5.62649414e+02
    3.60879639e+02 3.00626312e+02 3.65321167e+02 3.35288727e+02
    3.69500641e+02 3.69455292e+02 3.73637878e+02 4.03527435e+02
    3.77622101e+02 4.36959717e+02 3.81573761e+02 4.70245239e+02
    3.85419678e+02 5.03309631e+02 3.89167450e+02 5.36069702e+02
    3.92732971e+02 5.68484253e+02 3.25054840e+02 3.04255524e+02
    3.29603546e+02 3.39251251e+02 3.34123322e+02 3.73701263e+02
    3.38481110e+02 4.08192413e+02 3.42663269e+02 4.41872375e+02
    3.46748871e+02 4.75458557e+02 3.50791901e+02 5.08738770e+02
    3.54662659e+02 5.41726685e+02 3.58529694e+02 5.74431519e+02
    1.34662033e+02 3.23940521e+02 1.81556946e+02 3.25434448e+02
    2.27146637e+02 3.26801178e+02 2.71472870e+02 3.28323364e+02
    3.13903748e+02 3.29697327e+02 3.54827362e+02 3.31075500e+02
    3.94442810e+02 3.32363342e+02 4.32507111e+02 3.33543121e+02
    4.69354218e+02 3.34681152e+02 1.34300156e+02 3.66774078e+02
    1.81097336e+02 3.67484131e+02 2.26400772e+02 3.68228699e+02
    2.70686035e+02 3.68766632e+02 3.12933990e+02 3.69496216e+02
    3.53720367e+02 3.70143372e+02 3.93153229e+02 3.70653351e+02
    4.31162231e+02 3.71342621e+02 4.67750336e+02 3.71852448e+02
    1.34072876e+02 4.09218964e+02 1.80454651e+02 4.09188263e+02
    2.25637894e+02 4.09098969e+02 2.69683777e+02 4.08881744e+02
    3.11828491e+02 4.08791809e+02 3.52527161e+02 4.08743805e+02
    3.91824219e+02 4.08697632e+02 4.29671112e+02 4.08723633e+02
    4.66303680e+02 4.08744537e+02 1.33646484e+02 4.51406738e+02
    1.79874710e+02 4.50624573e+02 2.24741058e+02 4.49797974e+02
    2.68613831e+02 4.48964294e+02 3.10630646e+02 4.48316071e+02
    3.51294373e+02 4.47533783e+02 3.90471069e+02 4.46763611e+02
    4.28259430e+02 4.46237061e+02 4.64649200e+02 4.45632507e+02
    1.33550049e+02 4.92586487e+02 1.79335999e+02 4.91343384e+02
    2.23846832e+02 4.89879456e+02 2.67506195e+02 4.88461273e+02
    3.09419495e+02 4.87168610e+02 3.49894104e+02 4.85728943e+02
    3.89101562e+02 4.84412628e+02 4.26664764e+02 4.83151306e+02
    4.63139557e+02 4.81982880e+02 1.33366516e+02 5.33660767e+02
    1.78717316e+02 5.31825256e+02 2.22969986e+02 5.29962524e+02
    2.66383514e+02 5.27829346e+02 3.08049774e+02 5.25923096e+02
    3.48517578e+02 5.24059326e+02 3.87564911e+02 5.21971313e+02
    4.25224213e+02 5.20089417e+02 4.61434052e+02 5.18303589e+02
    3.56583374e+02 3.45787811e+02 3.91204132e+02 3.43171875e+02
    4.23878815e+02 3.40594482e+02 4.55272766e+02 3.38177887e+02
    4.84891388e+02 3.35789795e+02 5.13298645e+02 3.33562927e+02
    5.40361267e+02 3.31416412e+02 5.66067993e+02 3.29363098e+02
    5.90631409e+02 3.27407379e+02 3.60226593e+02 3.83825958e+02
    3.94857483e+02 3.80107117e+02 4.27540649e+02 3.76553497e+02
    4.58732880e+02 3.73247620e+02 4.88222473e+02 3.70077454e+02
    5.16349487e+02 3.67040131e+02 5.43289368e+02 3.64124390e+02
    5.68983521e+02 3.61355103e+02 5.93402771e+02 3.58663483e+02
    3.63531067e+02 4.21701385e+02 3.98140350e+02 4.16976868e+02
    4.30713715e+02 4.12480530e+02 4.61797241e+02 4.08256287e+02
    4.91345703e+02 4.04260040e+02 5.19451843e+02 4.00391113e+02
    5.46282227e+02 3.96671082e+02 5.71837952e+02 3.93266876e+02
    5.96290955e+02 3.89934265e+02 3.66647949e+02 4.59784454e+02
