<?xml version="1.0"?>
<opencv_storage>
<calibration_time>"gio 13 giu 2019 17:58:24 CEST"</calibration_time>
<nr_of_frames>11</nr_of_frames>
<image_width>1920</image_width>
<image_height>1080</image_height>
<board_width>9</board_width>
<board_height>6</board_height>
<square_size>38.</square_size>
<fix_aspect_ratio>1.</fix_aspect_ratio>
<!-- flags: +fix_skew +fix_k4 +recompute_extrinsic -->
<flags>650</flags>
<fisheye_model>1</fisheye_model>
<camera_matrix type_id="opencv-matrix">
  <rows>3</rows>
  <cols>3</cols>
  <dt>d</dt>
  <data>
    1.5338506406341476e+03 0. 9.5950000000000000e+02 0.
    1.5355287594618296e+03 5.3950000000000000e+02 0. 0. 1.</data></camera_matrix>
<distortion_coefficients type_id="opencv-matrix">
  <rows>4</rows>
  <cols>1</cols>
  <dt>d</dt>
  <data>
    3.7120168860343766e-01 2.7360653861050035e+00
    -1.9755130574815837e+01 0.</data></distortion_coefficients>
<avg_reprojection_error>1.2790539707839121e+00</avg_reprojection_error>
<per_view_reprojection_errors type_id="opencv-matrix">
  <rows>11</rows>
  <cols>1</cols>
  <dt>f</dt>
  <data>
    4.48371887e-01 1.24758899e+00 4.58775610e-01 1.25284827e+00
    1.09907007e+00 1.87174833e+00 1.30122054e+00 9.18642700e-01
    1.86045158e+00 1.28006732e+00 1.45252228e+00</data></per_view_reprojection_errors>
<!-- a set of 6-tuples (rotation vector + translation vector) for each view -->
<extrinsic_parameters type_id="opencv-matrix">
  <rows>11</rows>
  <cols>6</cols>
  <dt>d</dt>
  <data>
    8.5213546496972700e-02 9.1805824439850719e-02
    -7.3612852250271744e-03 -1.0471338885133538e+02
    -1.0995335645864535e+02 9.1597606876248562e+02
    9.8014412117926497e-02 -6.0313873473024637e-01
    -1.2272674398649769e-01 -4.7733085013452850e+01
    -6.3527637775407186e+01 6.8391951780832164e+02
    1.0770509849633694e-01 4.2216629959040292e-01 3.7781620163355130e-02
    -6.7236540261566461e+01 -1.3195791066379974e+02
    9.8299681704582201e+02 5.6497584147198565e-01
    -4.5904028399874244e-02 -2.6898163762353308e-02
    -5.4543972088870206e+01 -8.2587029183851911e+01
    7.9341971726449697e+02 -4.8560783109004846e-01
    -7.6480380879630230e-02 -3.6640543814706272e-02
    -1.2281998782790359e+02 -5.0644645695594910e+01
    7.7551092468773038e+02 7.4820369515827501e-01 5.1513181459438007e-01
    -1.4817329276052660e+00 -3.1549915720051183e+00
    1.1315061688351480e+02 9.4145235600778813e+02
    -3.6822907927163706e-01 -4.4631640291516389e-01
    -1.3437319190321251e+00 -8.0312524144290634e+01
    1.0957395332791441e+02 6.2773303675917521e+02 1.2265447681990206e-01
    -3.6847891169518032e-01 -3.3374298238271899e-01
    -1.3200327864615298e+02 -6.8521310843210856e+01
    8.3036427568448994e+02 8.3204754003726167e-01
    -6.3986347314294656e-01 -1.5620433438894286e+00
    3.9206995986976494e+01 1.8745845143528308e+02 7.9839323561551305e+02
    -1.7064028170522852e-01 5.8899598867359948e-01
    -1.5343799602300081e+00 -2.3974191930901906e+01
    1.7157875516682324e+02 9.4395074441736608e+02 4.7534627482157038e-01
    -5.8800137684963039e-01 -1.0890863738913366e+00
    -1.2207361408658755e+01 9.5564943052372485e+01
    8.3951681354421862e+02</data></extrinsic_parameters>
<image_points type_id="opencv-matrix">
  <rows>11</rows>
  <cols>54</cols>
  <dt>"2f"</dt>
  <data>
    7.83074768e+02 3.54680786e+02 8.46671692e+02 3.54109802e+02
    9.10182251e+02 3.53273132e+02 9.74497009e+02 3.52394226e+02
    1.03860693e+03 3.51483276e+02 1.10358240e+03 3.50542725e+02
    1.16947974e+03 3.49437469e+02 1.23586084e+03 3.48275208e+02
    1.30315015e+03 3.47090210e+02 7.84899048e+02 4.18726562e+02
    8.48086304e+02 4.18272644e+02 9.11202393e+02 4.17461365e+02
    9.75289551e+02 4.16868988e+02 1.03911499e+03 4.16278900e+02
    1.10377258e+03 4.15543823e+02 1.16946179e+03 4.14761292e+02
    1.23575281e+03 4.13849792e+02 1.30296130e+03 4.12966705e+02
    7.86550842e+02 4.82051361e+02 8.49190186e+02 4.81663757e+02
    9.12014099e+02 4.81291138e+02 9.75764282e+02 4.80855835e+02
    1.03956384e+03 4.80569336e+02 1.10410278e+03 4.80131866e+02
    1.16954102e+03 4.79616089e+02 1.23569141e+03 4.79226746e+02
    1.30253870e+03 4.78669800e+02 7.87786499e+02 5.45492859e+02
    8.50281677e+02 5.45228027e+02 9.12878784e+02 5.45118713e+02
    9.76472107e+02 5.44947815e+02 1.04003589e+03 5.44890930e+02
    1.10442065e+03 5.44693298e+02 1.16964539e+03 5.44591980e+02
    1.23558191e+03 5.44488403e+02 1.30220715e+03 5.44350464e+02
    7.89262207e+02 6.07703003e+02 8.51434509e+02 6.07746521e+02
    9.13825745e+02 6.07836914e+02 9.77231873e+02 6.07950562e+02
    1.04068152e+03 6.08213013e+02 1.10482751e+03 6.08351807e+02
    1.16989502e+03 6.08458130e+02 1.23559229e+03 6.08649109e+02
    1.30178796e+03 6.08648682e+02 7.90424988e+02 6.70090515e+02
    8.52526550e+02 6.70300354e+02 9.14725098e+02 6.70545532e+02
    9.78195923e+02 6.70913269e+02 1.04128992e+03 6.71414001e+02
    1.10542224e+03 6.71894592e+02 1.17024597e+03 6.72402893e+02
    1.23577686e+03 6.72646484e+02 1.30167017e+03 6.72924255e+02
    8.55304565e+02 3.96546356e+02 9.23839661e+02 3.89137726e+02
    9.90098755e+02 3.81957458e+02 1.05241626e+03 3.75392303e+02
    1.11152563e+03 3.69010223e+02 1.16722083e+03 3.63020630e+02
    1.22065344e+03 3.57270294e+02 1.27143872e+03 3.51661804e+02
    1.31968237e+03 3.46392792e+02 8.61313721e+02 4.81493896e+02
    9.30482788e+02 4.71289642e+02 9.95974609e+02 4.61800262e+02
    1.05838831e+03 4.52864105e+02 1.11687183e+03 4.44411316e+02
    1.17348621e+03 4.36488220e+02 1.22706726e+03 4.28790009e+02
    1.27833630e+03 4.21345337e+02 1.32718909e+03 4.14355774e+02
    8.68131165e+02 5.64915161e+02 9.37293884e+02 5.52307556e+02
    1.00261420e+03 5.40494019e+02 1.06467419e+03 5.29361328e+02
    1.12346265e+03 5.18922241e+02 1.17964771e+03 5.09047424e+02
    1.23307129e+03 4.99566437e+02 1.28337537e+03 4.90570862e+02
    1.33127563e+03 4.82063141e+02 8.75685486e+02 6.47941284e+02
    9.44348083e+02 6.32884399e+02 1.00943195e+03 6.18810547e+02
    1.07131189e+03 6.05550903e+02 1.12958228e+03 5.93109009e+02
    1.18477173e+03 5.81318848e+02 1.23743896e+03 5.70127075e+02
    1.28721521e+03 5.59429565e+02 1.33395886e+03 5.49223206e+02
    8.82568054e+02 7.29373474e+02 9.51026428e+02 7.11881653e+02
    1.01553857e+03 6.95566589e+02 1.07702197e+03 6.80246704e+02
    1.13469543e+03 6.65808899e+02 1.18950366e+03 6.52193359e+02
    1.24139380e+03 6.39160217e+02 1.29051855e+03 6.26890869e+02
    1.33603479e+03 6.15019104e+02 8.89526672e+02 8.10502319e+02
    9.57659424e+02 7.90527588e+02 1.02168585e+03 7.72107239e+02
    1.08266931e+03 7.54584839e+02 1.13984241e+03 7.38289856e+02
    1.19431299e+03 7.22748352e+02 1.24574500e+03 7.07930420e+02
    1.29356079e+03 6.93906555e+02 1.33859058e+03 6.80399048e+02
    8.53453552e+02 3.33200378e+02 9.08044067e+02 3.33520691e+02
    9.62970032e+02 3.33706482e+02 1.02046356e+03 3.33995789e+02
    1.07874146e+03 3.34247528e+02 1.13977759e+03 3.34339539e+02
    1.20319385e+03 3.34414612e+02 1.26889417e+03 3.34429718e+02
    1.33741284e+03 3.34340546e+02 8.53809326e+02 3.92729645e+02
    9.07471252e+02 3.94074219e+02 9.62280640e+02 3.95249969e+02
    1.01910004e+03 3.96453064e+02 1.07677478e+03 3.97716919e+02
    1.13718542e+03 3.99082306e+02 1.20017566e+03 4.00269836e+02
    1.26536035e+03 4.01532928e+02 1.33332983e+03 4.02705597e+02
    8.53756226e+02 4.51777313e+02 9.06738464e+02 4.53907898e+02
    9.61323242e+02 4.56127838e+02 1.01760303e+03 4.58346741e+02
    1.07527124e+03 4.60686676e+02 1.13512573e+03 4.63161835e+02
    1.19776343e+03 4.65569061e+02 1.26265918e+03 4.68109558e+02
    1.33036755e+03 4.70697021e+02 8.53253723e+02 5.10722168e+02
    9.06056580e+02 5.13706116e+02 9.60048462e+02 5.16803528e+02
    1.01636035e+03 5.20114624e+02 1.07373694e+03 5.23542358e+02
    1.13362329e+03 5.27044067e+02 1.19583789e+03 5.30687622e+02
    1.26050854e+03 5.34534180e+02 1.32805762e+03 5.38401001e+02
    8.52956543e+02 5.68644165e+02 9.05359131e+02 5.72609741e+02
